fold,sample_index,clip_id,source_group,true_label,predicted_label,correct,prediction_score,score_type
3,8,1272-128104-0008,1272/128104,LibriSpeech_1272,LibriSpeech_1272,1,39.32619166386431,maximum_decision_score
3,14,1272-128104-0014,1272/128104,LibriSpeech_1272,LibriSpeech_1272,1,39.32499381345878,maximum_decision_score
3,17,1272-135031-0002,1272/135031,LibriSpeech_1272,LibriSpeech_1272,1,39.325536278857044,maximum_decision_score
3,20,1272-135031-0005,1272/135031,LibriSpeech_1272,LibriSpeech_1272,1,39.324954284695075,maximum_decision_score
3,24,1272-135031-0009,1272/135031,LibriSpeech_1272,LibriSpeech_1272,1,39.32299991530677,maximum_decision_score
3,33,1272-135031-0018,1272/135031,LibriSpeech_1272,LibriSpeech_1272,1,39.32499793133034,maximum_decision_score
3,34,1272-135031-0019,1272/135031,LibriSpeech_1272,LibriSpeech_1272,1,39.3245939477557,maximum_decision_score
3,35,1272-135031-0020,1272/135031,LibriSpeech_1272,LibriSpeech_1272,1,39.32357027905516,maximum_decision_score
3,40,1272-141231-0000,1272/141231,LibriSpeech_1272,LibriSpeech_1272,1,39.32625815054301,maximum_decision_score
3,49,1272-141231-0009,1272/141231,LibriSpeech_1272,LibriSpeech_1272,1,39.325871284802034,maximum_decision_score
3,52,1272-141231-0012,1272/141231,LibriSpeech_1272,LibriSpeech_1272,1,39.326052899204306,maximum_decision_score
3,58,1272-141231-0018,1272/141231,LibriSpeech_1272,LibriSpeech_1272,1,39.32589857009038,maximum_decision_score
3,59,1272-141231-0019,1272/141231,LibriSpeech_1272,LibriSpeech_1272,1,39.32565911375257,maximum_decision_score
3,69,1272-141231-0029,1272/141231,LibriSpeech_1272,LibriSpeech_1272,1,39.32428123952797,maximum_decision_score
3,70,1272-141231-0030,1272/141231,LibriSpeech_1272,LibriSpeech_1272,1,39.325984600185684,maximum_decision_score
3,79,1462-170138-0006,1462/170138,LibriSpeech_1462,LibriSpeech_1462,1,39.32650292605631,maximum_decision_score
3,83,1462-170138-0010,1462/170138,LibriSpeech_1462,LibriSpeech_1462,1,39.325621508165725,maximum_decision_score
3,86,1462-170138-0013,1462/170138,LibriSpeech_1462,LibriSpeech_1462,1,39.325804219659595,maximum_decision_score
3,89,1462-170138-0016,1462/170138,LibriSpeech_1462,LibriSpeech_1462,1,39.32584007009176,maximum_decision_score
3,93,1462-170138-0020,1462/170138,LibriSpeech_1462,LibriSpeech_1462,1,39.32578359317932,maximum_decision_score
3,97,1462-170138-0024,1462/170138,LibriSpeech_1462,LibriSpeech_1462,1,39.326708031695084,maximum_decision_score
3,101,1462-170142-0000,1462/170142,LibriSpeech_1462,LibriSpeech_1462,1,39.32663024952803,maximum_decision_score
3,112,1462-170142-0011,1462/170142,LibriSpeech_1462,LibriSpeech_1462,1,39.32668544429643,maximum_decision_score
3,117,1462-170142-0016,1462/170142,LibriSpeech_1462,LibriSpeech_1462,1,39.3251144674622,maximum_decision_score
3,121,1462-170142-0020,1462/170142,LibriSpeech_1462,LibriSpeech_1462,1,39.32569732202525,maximum_decision_score
3,125,1462-170142-0024,1462/170142,LibriSpeech_1462,LibriSpeech_1462,1,39.323280476417985,maximum_decision_score
3,127,1462-170142-0026,1462/170142,LibriSpeech_1462,LibriSpeech_1462,1,39.32650236131036,maximum_decision_score
3,135,1462-170142-0034,1462/170142,LibriSpeech_1462,LibriSpeech_1462,1,39.32530085899574,maximum_decision_score
3,136,1462-170142-0035,1462/170142,LibriSpeech_1462,LibriSpeech_1462,1,39.32427564878868,maximum_decision_score
3,138,1462-170142-0037,1462/170142,LibriSpeech_1462,LibriSpeech_1462,1,39.32441453217872,maximum_decision_score
3,141,1462-170142-0040,1462/170142,LibriSpeech_1462,LibriSpeech_1462,1,39.3261436717137,maximum_decision_score
3,152,1462-170145-0008,1462/170145,LibriSpeech_1462,LibriSpeech_1462,1,39.32723508801043,maximum_decision_score
3,157,1462-170145-0013,1462/170145,LibriSpeech_1462,LibriSpeech_1462,1,39.325599401846205,maximum_decision_score
3,161,1462-170145-0017,1462/170145,LibriSpeech_1462,LibriSpeech_1462,1,39.32492303952192,maximum_decision_score
3,169,1673-143396-0002,1673/143396,LibriSpeech_1673,LibriSpeech_1673,1,39.325585515674966,maximum_decision_score
3,174,1673-143396-0007,1673/143396,LibriSpeech_1673,LibriSpeech_1673,1,39.32618425439302,maximum_decision_score
3,179,1673-143396-0012,1673/143396,LibriSpeech_1673,LibriSpeech_1673,1,39.325870649397885,maximum_decision_score
3,185,1673-143396-0018,1673/143396,LibriSpeech_1673,LibriSpeech_1673,1,39.32579459614296,maximum_decision_score
3,186,1673-143396-0019,1673/143396,LibriSpeech_1673,LibriSpeech_1673,1,39.325222039104844,maximum_decision_score
3,187,1673-143396-0020,1673/143396,LibriSpeech_1673,LibriSpeech_1673,1,39.32524211185641,maximum_decision_score
3,197,1673-143397-0009,1673/143397,LibriSpeech_1673,LibriSpeech_1673,1,39.32618959310885,maximum_decision_score
3,203,1673-143397-0015,1673/143397,LibriSpeech_1673,LibriSpeech_1673,1,39.325989687062474,maximum_decision_score
3,207,1673-143397-0019,1673/143397,LibriSpeech_1673,LibriSpeech_1673,1,39.325977512864334,maximum_decision_score
3,209,174-168635-0000,174/168635,LibriSpeech_174,LibriSpeech_174,1,39.32462396046929,maximum_decision_score
3,212,174-168635-0003,174/168635,LibriSpeech_174,LibriSpeech_174,1,39.325986576525665,maximum_decision_score
3,216,174-168635-0007,174/168635,LibriSpeech_174,LibriSpeech_174,1,39.32570113894636,maximum_decision_score
3,219,174-168635-0010,174/168635,LibriSpeech_174,LibriSpeech_174,1,39.32604053434492,maximum_decision_score
3,230,174-168635-0021,174/168635,LibriSpeech_174,LibriSpeech_174,1,39.32624538767595,maximum_decision_score
3,243,174-50561-0011,174/50561,LibriSpeech_174,LibriSpeech_174,1,39.32559284208471,maximum_decision_score
3,244,174-50561-0012,174/50561,LibriSpeech_174,LibriSpeech_174,1,39.32702712355032,maximum_decision_score
3,247,174-50561-0015,174/50561,LibriSpeech_174,LibriSpeech_174,1,39.325385899626006,maximum_decision_score
3,259,174-84280-0007,174/84280,LibriSpeech_174,LibriSpeech_174,1,39.32626193367948,maximum_decision_score
3,262,174-84280-0010,174/84280,LibriSpeech_174,LibriSpeech_174,1,39.325826610840025,maximum_decision_score
3,267,174-84280-0015,174/84280,LibriSpeech_174,LibriSpeech_174,1,39.326080570804805,maximum_decision_score
3,270,1919-142785-0002,1919/142785,LibriSpeech_1919,LibriSpeech_1919,1,39.32496536270505,maximum_decision_score
3,272,1919-142785-0004,1919/142785,LibriSpeech_1919,LibriSpeech_1919,1,39.326154376944636,maximum_decision_score
3,276,1919-142785-0008,1919/142785,LibriSpeech_1919,LibriSpeech_1919,1,39.32583484795894,maximum_decision_score
3,281,1919-142785-0013,1919/142785,LibriSpeech_1919,LibriSpeech_1919,1,39.32613199795982,maximum_decision_score
3,284,1919-142785-0016,1919/142785,LibriSpeech_1919,LibriSpeech_1919,1,39.326078320714515,maximum_decision_score
3,288,1919-142785-0020,1919/142785,LibriSpeech_1919,LibriSpeech_1919,1,39.32544261414721,maximum_decision_score
3,290,1919-142785-0022,1919/142785,LibriSpeech_1919,LibriSpeech_1919,1,39.32660830237058,maximum_decision_score
3,295,1919-142785-0027,1919/142785,LibriSpeech_1919,LibriSpeech_1919,1,39.32510325109007,maximum_decision_score
3,298,1919-142785-0030,1919/142785,LibriSpeech_1919,LibriSpeech_1919,1,39.32585620879711,maximum_decision_score
3,302,1919-142785-0034,1919/142785,LibriSpeech_1919,LibriSpeech_1919,1,39.324755990602796,maximum_decision_score
3,303,1919-142785-0035,1919/142785,LibriSpeech_1919,LibriSpeech_1919,1,39.325820367726585,maximum_decision_score
3,304,1919-142785-0036,1919/142785,LibriSpeech_1919,LibriSpeech_1919,1,39.32581537745026,maximum_decision_score
3,330,1919-142785-0062,1919/142785,LibriSpeech_1919,LibriSpeech_1919,1,39.32584037730493,maximum_decision_score
3,333,1988-147956-0001,1988/147956,LibriSpeech_1988,LibriSpeech_1988,1,39.32585885444694,maximum_decision_score
3,336,1988-147956-0004,1988/147956,LibriSpeech_1988,LibriSpeech_1988,1,39.32656372773182,maximum_decision_score
3,341,1988-147956-0009,1988/147956,LibriSpeech_1988,LibriSpeech_1988,1,39.326688875596126,maximum_decision_score
3,348,1988-147956-0016,1988/147956,LibriSpeech_1988,LibriSpeech_1988,1,39.32621692843535,maximum_decision_score
3,352,1988-147956-0020,1988/147956,LibriSpeech_1988,LibriSpeech_1988,1,39.32612172934272,maximum_decision_score
3,355,1988-147956-0023,1988/147956,LibriSpeech_1988,LibriSpeech_1988,1,39.32698982340519,maximum_decision_score
3,361,1988-147956-0029,1988/147956,LibriSpeech_1988,LibriSpeech_1988,1,39.326243760481425,maximum_decision_score
3,364,1988-148538-0002,1988/148538,LibriSpeech_1988,LibriSpeech_1988,1,39.32426618244374,maximum_decision_score
3,365,1988-148538-0003,1988/148538,LibriSpeech_1988,LibriSpeech_1988,1,39.32473218519154,maximum_decision_score
3,366,1988-148538-0004,1988/148538,LibriSpeech_1988,LibriSpeech_1988,1,39.32498050236163,maximum_decision_score
3,375,1988-148538-0013,1988/148538,LibriSpeech_1988,LibriSpeech_1988,1,39.32553867549512,maximum_decision_score
3,380,1988-24833-0002,1988/24833,LibriSpeech_1988,LibriSpeech_1988,1,39.32628799784045,maximum_decision_score
3,391,1988-24833-0013,1988/24833,LibriSpeech_1988,LibriSpeech_1988,1,39.32554907895121,maximum_decision_score
3,398,1988-24833-0020,1988/24833,LibriSpeech_1988,LibriSpeech_1988,1,39.32636463366524,maximum_decision_score
3,406,1988-24833-0028,1988/24833,LibriSpeech_1988,LibriSpeech_1988,1,39.325760201960186,maximum_decision_score
3,408,1993-147149-0001,1993/147149,LibriSpeech_1993,LibriSpeech_1993,1,39.32593751085266,maximum_decision_score
3,410,1993-147149-0003,1993/147149,LibriSpeech_1993,LibriSpeech_1993,1,39.32619080363345,maximum_decision_score
3,421,1993-147149-0014,1993/147149,LibriSpeech_1993,LibriSpeech_1993,1,39.325492014952786,maximum_decision_score
3,428,1993-147149-0021,1993/147149,LibriSpeech_1993,LibriSpeech_1993,1,39.32572479742166,maximum_decision_score
3,432,1993-147149-0025,1993/147149,LibriSpeech_1993,LibriSpeech_1993,1,39.32475434519493,maximum_decision_score
3,433,1993-147149-0026,1993/147149,LibriSpeech_1993,LibriSpeech_1993,1,39.323239811707396,maximum_decision_score
3,435,1993-147149-0028,1993/147149,LibriSpeech_1993,LibriSpeech_1993,1,39.32572007280553,maximum_decision_score
3,445,1993-147964-0007,1993/147964,LibriSpeech_1993,LibriSpeech_1993,1,39.32506807923305,maximum_decision_score
3,458,1993-147966-0000,1993/147966,LibriSpeech_1993,LibriSpeech_1993,1,39.32493773841902,maximum_decision_score
3,459,1993-147966-0001,1993/147966,LibriSpeech_1993,LibriSpeech_1993,1,39.32570043726873,maximum_decision_score
3,462,1993-147966-0004,1993/147966,LibriSpeech_1993,LibriSpeech_1993,1,39.32569709845454,maximum_decision_score
3,464,1993-147966-0006,1993/147966,LibriSpeech_1993,LibriSpeech_1993,1,39.32109290516052,maximum_decision_score
3,471,2035-147960-0006,2035/147960,LibriSpeech_2035,LibriSpeech_2035,1,39.32219558876191,maximum_decision_score
3,475,2035-147960-0010,2035/147960,LibriSpeech_2035,LibriSpeech_2035,1,39.32519631477484,maximum_decision_score
3,477,2035-147960-0012,2035/147960,LibriSpeech_2035,LibriSpeech_2035,1,39.32624736971651,maximum_decision_score
3,487,2035-147961-0005,2035/147961,LibriSpeech_2035,LibriSpeech_2035,1,39.32582106195959,maximum_decision_score
3,488,2035-147961-0006,2035/147961,LibriSpeech_2035,LibriSpeech_2035,1,39.32603293572742,maximum_decision_score
3,491,2035-147961-0009,2035/147961,LibriSpeech_2035,LibriSpeech_2035,1,39.32589519880627,maximum_decision_score
3,492,2035-147961-0010,2035/147961,LibriSpeech_2035,LibriSpeech_2035,1,39.32527301989765,maximum_decision_score
3,495,2035-147961-0013,2035/147961,LibriSpeech_2035,LibriSpeech_2035,1,39.32556823509066,maximum_decision_score
3,498,2035-147961-0016,2035/147961,LibriSpeech_2035,LibriSpeech_2035,1,39.325030312044824,maximum_decision_score
3,499,2035-147961-0017,2035/147961,LibriSpeech_2035,LibriSpeech_2035,1,39.32581535288589,maximum_decision_score
3,510,2035-147961-0028,2035/147961,LibriSpeech_2035,LibriSpeech_2035,1,39.32563950955032,maximum_decision_score
3,515,2035-147961-0033,2035/147961,LibriSpeech_2035,LibriSpeech_2035,1,39.32547723104421,maximum_decision_score
3,516,2035-147961-0034,2035/147961,LibriSpeech_2035,LibriSpeech_2035,1,39.32447153482283,maximum_decision_score
3,519,2035-147961-0037,2035/147961,LibriSpeech_2035,LibriSpeech_2035,1,39.32473007614225,maximum_decision_score
3,521,2035-147961-0039,2035/147961,LibriSpeech_2035,LibriSpeech_2035,1,39.32545072974711,maximum_decision_score
3,524,2035-152373-0001,2035/152373,LibriSpeech_2035,LibriSpeech_2035,1,39.32619468623646,maximum_decision_score
3,543,2078-142845-0001,2078/142845,LibriSpeech_2078,LibriSpeech_2078,1,39.32502153181848,maximum_decision_score
3,549,2078-142845-0007,2078/142845,LibriSpeech_2078,LibriSpeech_2078,1,39.325608855714876,maximum_decision_score
3,552,2078-142845-0010,2078/142845,LibriSpeech_2078,LibriSpeech_2078,1,39.32565600011894,maximum_decision_score
3,554,2078-142845-0012,2078/142845,LibriSpeech_2078,LibriSpeech_2078,1,39.32562275415397,maximum_decision_score
3,556,2078-142845-0014,2078/142845,LibriSpeech_2078,LibriSpeech_2078,1,39.325599293393154,maximum_decision_score
3,566,2078-142845-0024,2078/142845,LibriSpeech_2078,LibriSpeech_2078,1,39.32540935480192,maximum_decision_score
3,569,2078-142845-0027,2078/142845,LibriSpeech_2078,LibriSpeech_2078,1,39.325324819193426,maximum_decision_score
3,576,2078-142845-0034,2078/142845,LibriSpeech_2078,LibriSpeech_2078,1,39.325375291161045,maximum_decision_score
3,580,2078-142845-0038,2078/142845,LibriSpeech_2078,LibriSpeech_2078,1,39.3243101780255,maximum_decision_score
3,583,2078-142845-0041,2078/142845,LibriSpeech_2078,LibriSpeech_2078,1,39.325642557128745,maximum_decision_score
3,597,2086-149214-0003,2086/149214,LibriSpeech_2086,LibriSpeech_2086,1,39.32442241510529,maximum_decision_score
3,602,2086-149220-0003,2086/149220,LibriSpeech_2086,LibriSpeech_2086,1,39.325476659684796,maximum_decision_score
3,612,2086-149220-0013,2086/149220,LibriSpeech_2086,LibriSpeech_2086,1,39.32581129318763,maximum_decision_score
3,616,2086-149220-0017,2086/149220,LibriSpeech_2086,LibriSpeech_2086,1,39.325387902957196,maximum_decision_score
3,621,2086-149220-0022,2086/149220,LibriSpeech_2086,LibriSpeech_2086,1,39.32593988455948,maximum_decision_score
3,625,2086-149220-0026,2086/149220,LibriSpeech_2086,LibriSpeech_2086,1,39.325496695465716,maximum_decision_score
3,626,2086-149220-0027,2086/149220,LibriSpeech_2086,LibriSpeech_2086,1,39.3260046116977,maximum_decision_score
3,628,2086-149220-0029,2086/149220,LibriSpeech_2086,LibriSpeech_2086,1,39.32573417594862,maximum_decision_score
3,633,2086-149220-0034,2086/149220,LibriSpeech_2086,LibriSpeech_2086,1,39.32613573069575,maximum_decision_score
3,639,2086-149220-0040,2086/149220,LibriSpeech_2086,LibriSpeech_2086,1,39.3243632452419,maximum_decision_score
3,643,2086-149220-0044,2086/149220,LibriSpeech_2086,LibriSpeech_2086,1,39.32594224949261,maximum_decision_score
3,652,2277-149874-0003,2277/149874,LibriSpeech_2277,LibriSpeech_2277,1,39.32572106392741,maximum_decision_score
3,659,2277-149874-0010,2277/149874,LibriSpeech_2277,LibriSpeech_2277,1,39.32491472185062,maximum_decision_score
3,663,2277-149874-0014,2277/149874,LibriSpeech_2277,LibriSpeech_2277,1,39.32552318850116,maximum_decision_score
3,668,2277-149874-0019,2277/149874,LibriSpeech_2277,LibriSpeech_2277,1,39.32558424095273,maximum_decision_score
3,673,2277-149896-0002,2277/149896,LibriSpeech_2277,LibriSpeech_2277,1,39.32693006541926,maximum_decision_score
3,684,2277-149896-0013,2277/149896,LibriSpeech_2277,LibriSpeech_2277,1,39.326558484670755,maximum_decision_score
3,685,2277-149896-0014,2277/149896,LibriSpeech_2277,LibriSpeech_2277,1,39.32579524747853,maximum_decision_score
3,689,2277-149896-0018,2277/149896,LibriSpeech_2277,LibriSpeech_2277,1,39.3266934216912,maximum_decision_score
3,697,2277-149896-0026,2277/149896,LibriSpeech_2277,LibriSpeech_2277,1,39.325775274725856,maximum_decision_score
3,698,2277-149896-0027,2277/149896,LibriSpeech_2277,LibriSpeech_2277,1,39.32558099002831,maximum_decision_score
3,702,2277-149896-0031,2277/149896,LibriSpeech_2277,LibriSpeech_2277,1,39.32644035466289,maximum_decision_score
3,704,2277-149896-0033,2277/149896,LibriSpeech_2277,LibriSpeech_2277,1,39.326336597030604,maximum_decision_score
3,710,2277-149897-0004,2277/149897,LibriSpeech_2277,LibriSpeech_2277,1,39.3266345290479,maximum_decision_score
3,714,2277-149897-0008,2277/149897,LibriSpeech_2277,LibriSpeech_2277,1,39.32782483537065,maximum_decision_score
3,715,2277-149897-0009,2277/149897,LibriSpeech_2277,LibriSpeech_2277,1,39.324563624437566,maximum_decision_score
3,728,2277-149897-0022,2277/149897,LibriSpeech_2277,LibriSpeech_2277,1,39.32578883940648,maximum_decision_score
3,731,2277-149897-0025,2277/149897,LibriSpeech_2277,LibriSpeech_2277,1,39.3264279709597,maximum_decision_score
3,741,2277-149897-0035,2277/149897,LibriSpeech_2277,LibriSpeech_2277,1,39.32636984865895,maximum_decision_score
3,742,2277-149897-0036,2277/149897,LibriSpeech_2277,LibriSpeech_2277,1,39.32558412000339,maximum_decision_score
3,746,2412-153947-0002,2412/153947,LibriSpeech_2412,LibriSpeech_2412,1,39.32541145271583,maximum_decision_score
3,750,2412-153947-0006,2412/153947,LibriSpeech_2412,LibriSpeech_2412,1,39.32549222535474,maximum_decision_score
3,754,2412-153947-0010,2412/153947,LibriSpeech_2412,LibriSpeech_2412,1,39.325662309009296,maximum_decision_score
3,755,2412-153947-0011,2412/153947,LibriSpeech_2412,LibriSpeech_2412,1,39.325761524596416,maximum_decision_score
3,760,2412-153947-0016,2412/153947,LibriSpeech_2412,LibriSpeech_2412,1,39.32573811376942,maximum_decision_score
3,766,2412-153948-0005,2412/153948,LibriSpeech_2412,LibriSpeech_2412,1,39.32551620820487,maximum_decision_score
3,774,2412-153948-0013,2412/153948,LibriSpeech_2412,LibriSpeech_2412,1,39.3255606215918,maximum_decision_score
3,775,2412-153948-0014,2412/153948,LibriSpeech_2412,LibriSpeech_2412,1,39.32606699934,maximum_decision_score
3,779,2412-153954-0002,2412/153954,LibriSpeech_2412,LibriSpeech_2412,1,39.32603181379586,maximum_decision_score
3,783,2412-153954-0006,2412/153954,LibriSpeech_2412,LibriSpeech_2412,1,39.32592038698867,maximum_decision_score
3,786,2412-153954-0009,2412/153954,LibriSpeech_2412,LibriSpeech_2412,1,39.32673055243388,maximum_decision_score
3,798,2412-153954-0021,2412/153954,LibriSpeech_2412,LibriSpeech_2412,1,39.326564854103104,maximum_decision_score
3,813,2428-83699-0011,2428/83699,LibriSpeech_2428,LibriSpeech_2428,1,39.32426727801204,maximum_decision_score
3,816,2428-83699-0014,2428/83699,LibriSpeech_2428,LibriSpeech_2428,1,39.32510123163048,maximum_decision_score
3,828,2428-83699-0026,2428/83699,LibriSpeech_2428,LibriSpeech_2428,1,39.32609712115455,maximum_decision_score
3,831,2428-83699-0029,2428/83699,LibriSpeech_2428,LibriSpeech_2428,1,39.3262159231308,maximum_decision_score
3,838,2428-83699-0036,2428/83699,LibriSpeech_2428,LibriSpeech_2428,1,39.326117413431646,maximum_decision_score
3,846,2428-83705-0001,2428/83705,LibriSpeech_2428,LibriSpeech_2428,1,39.32575097692821,maximum_decision_score
3,848,2428-83705-0003,2428/83705,LibriSpeech_2428,LibriSpeech_2428,1,39.32637560336514,maximum_decision_score
3,851,2428-83705-0006,2428/83705,LibriSpeech_2428,LibriSpeech_2428,1,39.325151692357274,maximum_decision_score
3,852,2428-83705-0007,2428/83705,LibriSpeech_2428,LibriSpeech_2428,1,39.3244807755511,maximum_decision_score
3,853,2428-83705-0008,2428/83705,LibriSpeech_2428,LibriSpeech_2428,1,39.32448276931369,maximum_decision_score
3,862,2428-83705-0017,2428/83705,LibriSpeech_2428,LibriSpeech_2428,1,39.32592069791673,maximum_decision_score
3,863,2428-83705-0018,2428/83705,LibriSpeech_2428,LibriSpeech_2428,1,39.325786605140394,maximum_decision_score
3,869,2428-83705-0024,2428/83705,LibriSpeech_2428,LibriSpeech_2428,1,39.32592924148961,maximum_decision_score
3,876,2428-83705-0031,2428/83705,LibriSpeech_2428,LibriSpeech_2428,1,39.3265079925916,maximum_decision_score
3,877,2428-83705-0032,2428/83705,LibriSpeech_2428,LibriSpeech_2428,1,39.32554893724851,maximum_decision_score
3,878,2428-83705-0033,2428/83705,LibriSpeech_2428,LibriSpeech_2428,1,39.32503716675421,maximum_decision_score
3,880,2428-83705-0035,2428/83705,LibriSpeech_2428,LibriSpeech_2428,1,39.3256360807972,maximum_decision_score
3,884,2428-83705-0039,2428/83705,LibriSpeech_2428,LibriSpeech_2428,1,39.32587756150158,maximum_decision_score
3,891,251-118436-0002,251/118436,LibriSpeech_251,LibriSpeech_251,1,39.32583585141087,maximum_decision_score
3,894,251-118436-0005,251/118436,LibriSpeech_251,LibriSpeech_251,1,39.32540136223437,maximum_decision_score
3,896,251-118436-0007,251/118436,LibriSpeech_251,LibriSpeech_251,1,39.32563837091742,maximum_decision_score
3,897,251-118436-0008,251/118436,LibriSpeech_251,LibriSpeech_251,1,39.32574850503523,maximum_decision_score
3,898,251-118436-0009,251/118436,LibriSpeech_251,LibriSpeech_251,1,39.3266966922089,maximum_decision_score
3,905,251-118436-0016,251/118436,LibriSpeech_251,LibriSpeech_251,1,39.32623552072358,maximum_decision_score
3,907,251-118436-0018,251/118436,LibriSpeech_251,LibriSpeech_251,1,39.32634009228104,maximum_decision_score
3,910,251-118436-0021,251/118436,LibriSpeech_251,LibriSpeech_251,1,39.32616260882413,maximum_decision_score
3,911,251-118436-0022,251/118436,LibriSpeech_251,LibriSpeech_251,1,39.32488895779965,maximum_decision_score
3,919,251-136532-0006,251/136532,LibriSpeech_251,LibriSpeech_251,1,39.32588401544942,maximum_decision_score
3,924,251-136532-0011,251/136532,LibriSpeech_251,LibriSpeech_251,1,39.32534890914581,maximum_decision_score
3,931,251-136532-0018,251/136532,LibriSpeech_251,LibriSpeech_251,1,39.324594351015584,maximum_decision_score
3,950,251-137823-0013,251/137823,LibriSpeech_251,LibriSpeech_251,1,39.32613268699639,maximum_decision_score
3,957,251-137823-0020,251/137823,LibriSpeech_251,LibriSpeech_251,1,39.32649338632354,maximum_decision_score
3,959,251-137823-0022,251/137823,LibriSpeech_251,LibriSpeech_251,1,39.325643515771745,maximum_decision_score
3,970,2803-154320-0006,2803/154320,LibriSpeech_2803,LibriSpeech_2803,1,39.325600577006966,maximum_decision_score
3,971,2803-154320-0007,2803/154320,LibriSpeech_2803,LibriSpeech_2803,1,39.32504678245652,maximum_decision_score
3,975,2803-154320-0011,2803/154320,LibriSpeech_2803,LibriSpeech_2803,1,39.325172140408455,maximum_decision_score
3,978,2803-154320-0014,2803/154320,LibriSpeech_2803,LibriSpeech_2803,1,39.32455829842016,maximum_decision_score
3,982,2803-154328-0003,2803/154328,LibriSpeech_2803,LibriSpeech_2803,1,39.325757071097314,maximum_decision_score
3,990,2803-154328-0011,2803/154328,LibriSpeech_2803,LibriSpeech_2803,1,39.32520648854349,maximum_decision_score
3,1001,2803-154328-0022,2803/154328,LibriSpeech_2803,LibriSpeech_2803,1,39.324071733229346,maximum_decision_score
3,1002,2803-154328-0023,2803/154328,LibriSpeech_2803,LibriSpeech_2803,1,39.32582901111119,maximum_decision_score
3,1005,2803-161169-0002,2803/161169,LibriSpeech_2803,LibriSpeech_2803,1,39.32559868348692,maximum_decision_score
3,1008,2803-161169-0005,2803/161169,LibriSpeech_2803,LibriSpeech_2803,1,39.32562103126278,maximum_decision_score
3,1020,2803-161169-0017,2803/161169,LibriSpeech_2803,LibriSpeech_2803,1,39.32519572727406,maximum_decision_score
3,1025,2902-9006-0004,2902/9006,LibriSpeech_2902,LibriSpeech_2902,1,39.32585559184448,maximum_decision_score
3,1036,2902-9006-0015,2902/9006,LibriSpeech_2902,LibriSpeech_2902,1,39.32578723361383,maximum_decision_score
3,1037,2902-9006-0016,2902/9006,LibriSpeech_2902,LibriSpeech_2902,1,39.324610709825855,maximum_decision_score
3,1041,2902-9006-0020,2902/9006,LibriSpeech_2902,LibriSpeech_2902,1,39.32493152993441,maximum_decision_score
3,1045,2902-9008-0003,2902/9008,LibriSpeech_2902,LibriSpeech_2902,1,39.325698333851044,maximum_decision_score
3,1050,2902-9008-0008,2902/9008,LibriSpeech_2902,LibriSpeech_2902,1,39.32205885354725,maximum_decision_score
3,1053,2902-9008-0011,2902/9008,LibriSpeech_2902,LibriSpeech_2902,1,39.32562303771348,maximum_decision_score
3,1054,2902-9008-0012,2902/9008,LibriSpeech_2902,LibriSpeech_2902,1,39.32390502952617,maximum_decision_score
3,1059,3000-15664-0000,3000/15664,LibriSpeech_3000,LibriSpeech_3000,1,39.32478469920719,maximum_decision_score
3,1060,3000-15664-0001,3000/15664,LibriSpeech_3000,LibriSpeech_3000,1,39.32534830784034,maximum_decision_score
3,1062,3000-15664-0003,3000/15664,LibriSpeech_3000,LibriSpeech_3000,1,39.32194997440242,maximum_decision_score
3,1069,3000-15664-0010,3000/15664,LibriSpeech_3000,LibriSpeech_3000,1,39.32592334007674,maximum_decision_score
3,1071,3000-15664-0012,3000/15664,LibriSpeech_3000,LibriSpeech_3000,1,39.3256973473072,maximum_decision_score
3,1082,3000-15664-0023,3000/15664,LibriSpeech_3000,LibriSpeech_3000,1,39.324831058772254,maximum_decision_score
3,1083,3000-15664-0024,3000/15664,LibriSpeech_3000,LibriSpeech_3000,1,39.32477132950483,maximum_decision_score
3,1087,3000-15664-0028,3000/15664,LibriSpeech_3000,LibriSpeech_3000,1,39.32550004386488,maximum_decision_score
3,1099,3000-15664-0040,3000/15664,LibriSpeech_3000,LibriSpeech_3000,1,39.32522947279872,maximum_decision_score
3,1105,3000-15664-0046,3000/15664,LibriSpeech_3000,LibriSpeech_3000,1,39.32609129487591,maximum_decision_score
3,1116,3081-166546-0010,3081/166546,LibriSpeech_3081,LibriSpeech_3081,1,39.32642536060583,maximum_decision_score
3,1120,3081-166546-0014,3081/166546,LibriSpeech_3081,LibriSpeech_3081,1,39.325398807466044,maximum_decision_score
3,1123,3081-166546-0017,3081/166546,LibriSpeech_3081,LibriSpeech_3081,1,39.32560727395488,maximum_decision_score
3,1127,3081-166546-0021,3081/166546,LibriSpeech_3081,LibriSpeech_3081,1,39.32613316648098,maximum_decision_score
3,1136,3081-166546-0030,3081/166546,LibriSpeech_3081,LibriSpeech_3081,1,39.32590177382139,maximum_decision_score
3,1139,3081-166546-0033,3081/166546,LibriSpeech_3081,LibriSpeech_3081,1,39.32409676626854,maximum_decision_score
3,1141,3081-166546-0035,3081/166546,LibriSpeech_3081,LibriSpeech_3081,1,39.32461463551482,maximum_decision_score
3,1146,3081-166546-0040,3081/166546,LibriSpeech_3081,LibriSpeech_3081,1,39.326193569138574,maximum_decision_score
3,1149,3081-166546-0043,3081/166546,LibriSpeech_3081,LibriSpeech_3081,1,39.32677389873007,maximum_decision_score
3,1155,3081-166546-0049,3081/166546,LibriSpeech_3081,LibriSpeech_3081,1,39.32651616459581,maximum_decision_score
3,1157,3081-166546-0051,3081/166546,LibriSpeech_3081,LibriSpeech_3081,1,39.32621054603433,maximum_decision_score
3,1164,3081-166546-0058,3081/166546,LibriSpeech_3081,LibriSpeech_3081,1,39.32572823231243,maximum_decision_score
3,1167,3081-166546-0061,3081/166546,LibriSpeech_3081,LibriSpeech_3081,1,39.32597306366866,maximum_decision_score
3,1172,3081-166546-0066,3081/166546,LibriSpeech_3081,LibriSpeech_3081,1,39.3255881198522,maximum_decision_score
3,1174,3081-166546-0068,3081/166546,LibriSpeech_3081,LibriSpeech_3081,1,39.32533554259391,maximum_decision_score
3,1175,3081-166546-0069,3081/166546,LibriSpeech_3081,LibriSpeech_3081,1,39.3252223521263,maximum_decision_score
3,1181,3081-166546-0075,3081/166546,LibriSpeech_3081,LibriSpeech_3081,1,39.325935030030564,maximum_decision_score
3,1192,3081-166546-0086,3081/166546,LibriSpeech_3081,LibriSpeech_3081,1,39.32587041687068,maximum_decision_score
3,1204,3170-137482-0008,3170/137482,LibriSpeech_3170,LibriSpeech_3170,1,39.32658265953037,maximum_decision_score
3,1207,3170-137482-0011,3170/137482,LibriSpeech_3170,LibriSpeech_3170,1,39.324986695527244,maximum_decision_score
3,1210,3170-137482-0014,3170/137482,LibriSpeech_3170,LibriSpeech_3170,1,39.3227368356352,maximum_decision_score
3,1221,3170-137482-0025,3170/137482,LibriSpeech_3170,LibriSpeech_3170,1,39.32553559946215,maximum_decision_score
3,1222,3170-137482-0026,3170/137482,LibriSpeech_3170,LibriSpeech_3170,1,39.3252377425034,maximum_decision_score
3,1227,3170-137482-0031,3170/137482,LibriSpeech_3170,LibriSpeech_3170,1,39.32561126846943,maximum_decision_score
3,1230,3170-137482-0034,3170/137482,LibriSpeech_3170,LibriSpeech_3170,1,39.32604410239876,maximum_decision_score
3,1235,3170-137482-0039,3170/137482,LibriSpeech_3170,LibriSpeech_3170,1,39.32641626953535,maximum_decision_score
3,1236,3170-137482-0040,3170/137482,LibriSpeech_3170,LibriSpeech_3170,1,39.32583965033224,maximum_decision_score
3,1249,3536-23268-0004,3536/23268,LibriSpeech_3536,LibriSpeech_3536,1,39.32573202192454,maximum_decision_score
3,1251,3536-23268-0006,3536/23268,LibriSpeech_3536,LibriSpeech_3536,1,39.32603478009891,maximum_decision_score
3,1254,3536-23268-0009,3536/23268,LibriSpeech_3536,LibriSpeech_3536,1,39.32630107367301,maximum_decision_score
3,1261,3536-23268-0016,3536/23268,LibriSpeech_3536,LibriSpeech_3536,1,39.325932207450705,maximum_decision_score
3,1263,3536-23268-0018,3536/23268,LibriSpeech_3536,LibriSpeech_3536,1,39.32567190807592,maximum_decision_score
3,1266,3536-23268-0021,3536/23268,LibriSpeech_3536,LibriSpeech_3536,1,39.325354183049924,maximum_decision_score
3,1274,3536-23268-0029,3536/23268,LibriSpeech_3536,LibriSpeech_3536,1,39.325239079263355,maximum_decision_score
3,1281,3536-8226-0005,3536/8226,LibriSpeech_3536,LibriSpeech_3536,1,39.32611961987806,maximum_decision_score
3,1282,3536-8226-0006,3536/8226,LibriSpeech_3536,LibriSpeech_3536,1,39.32631136296678,maximum_decision_score
3,1295,3536-8226-0019,3536/8226,LibriSpeech_3536,LibriSpeech_3536,1,39.3263021394852,maximum_decision_score
3,1297,3536-8226-0021,3536/8226,LibriSpeech_3536,LibriSpeech_3536,1,39.32549299882388,maximum_decision_score
3,1301,3536-8226-0025,3536/8226,LibriSpeech_3536,LibriSpeech_3536,1,39.3256465338297,maximum_decision_score
3,1307,3536-8226-0031,3536/8226,LibriSpeech_3536,LibriSpeech_3536,1,39.32641717593405,maximum_decision_score
3,1309,3576-138058-0000,3576/138058,LibriSpeech_3576,LibriSpeech_3576,1,39.32510017174489,maximum_decision_score
3,1313,3576-138058-0004,3576/138058,LibriSpeech_3576,LibriSpeech_3576,1,39.32509937790588,maximum_decision_score
3,1314,3576-138058-0005,3576/138058,LibriSpeech_3576,LibriSpeech_3576,1,39.3260763905046,maximum_decision_score
3,1321,3576-138058-0012,3576/138058,LibriSpeech_3576,LibriSpeech_3576,1,39.32527330345522,maximum_decision_score
3,1324,3576-138058-0015,3576/138058,LibriSpeech_3576,LibriSpeech_3576,1,39.32600813050933,maximum_decision_score
3,1340,3576-138058-0031,3576/138058,LibriSpeech_3576,LibriSpeech_3576,1,39.32619320007467,maximum_decision_score
3,1341,3576-138058-0032,3576/138058,LibriSpeech_3576,LibriSpeech_3576,1,39.324951286369576,maximum_decision_score
3,1348,3576-138058-0039,3576/138058,LibriSpeech_3576,LibriSpeech_3576,1,39.32503016527114,maximum_decision_score
3,1355,3752-4943-0005,3752/4943,LibriSpeech_3752,LibriSpeech_3752,1,39.32635260980739,maximum_decision_score
3,1366,3752-4943-0016,3752/4943,LibriSpeech_3752,LibriSpeech_3752,1,39.32619521815701,maximum_decision_score
3,1367,3752-4943-0017,3752/4943,LibriSpeech_3752,LibriSpeech_3752,1,39.327259198576634,maximum_decision_score
3,1373,3752-4943-0023,3752/4943,LibriSpeech_3752,LibriSpeech_3752,1,39.32584043814044,maximum_decision_score
3,1377,3752-4943-0027,3752/4943,LibriSpeech_3752,LibriSpeech_3752,1,39.32435539691746,maximum_decision_score
3,1383,3752-4944-0002,3752/4944,LibriSpeech_3752,LibriSpeech_3752,1,39.32591528344661,maximum_decision_score
3,1392,3752-4944-0011,3752/4944,LibriSpeech_3752,LibriSpeech_3752,1,39.32593414660641,maximum_decision_score
3,1396,3752-4944-0015,3752/4944,LibriSpeech_3752,LibriSpeech_3752,1,39.32638042303437,maximum_decision_score
3,1400,3752-4944-0019,3752/4944,LibriSpeech_3752,LibriSpeech_3752,1,39.32669626810189,maximum_decision_score
3,1402,3752-4944-0021,3752/4944,LibriSpeech_3752,LibriSpeech_3752,1,39.32616752613165,maximum_decision_score
3,1403,3752-4944-0022,3752/4944,LibriSpeech_3752,LibriSpeech_3752,1,39.32583989743913,maximum_decision_score
3,1406,3752-4944-0025,3752/4944,LibriSpeech_3752,LibriSpeech_3752,1,39.32696121161109,maximum_decision_score
3,1411,3752-4944-0030,3752/4944,LibriSpeech_3752,LibriSpeech_3752,1,39.326281220022906,maximum_decision_score
3,1412,3752-4944-0031,3752/4944,LibriSpeech_3752,LibriSpeech_3752,1,39.32607283777993,maximum_decision_score
3,1415,3752-4944-0034,3752/4944,LibriSpeech_3752,LibriSpeech_3752,1,39.32589231909767,maximum_decision_score
3,1426,3752-4944-0045,3752/4944,LibriSpeech_3752,LibriSpeech_3752,1,39.32604275276757,maximum_decision_score
3,1432,3752-4944-0051,3752/4944,LibriSpeech_3752,LibriSpeech_3752,1,39.32605606086553,maximum_decision_score
3,1436,3752-4944-0055,3752/4944,LibriSpeech_3752,LibriSpeech_3752,1,39.32620340201084,maximum_decision_score
3,1443,3752-4944-0062,3752/4944,LibriSpeech_3752,LibriSpeech_3752,1,39.32595229981764,maximum_decision_score
3,1448,3752-4944-0067,3752/4944,LibriSpeech_3752,LibriSpeech_3752,1,39.326118536439665,maximum_decision_score
3,1457,3853-163249-0006,3853/163249,LibriSpeech_3853,LibriSpeech_3853,1,39.32444761835248,maximum_decision_score
3,1458,3853-163249-0007,3853/163249,LibriSpeech_3853,LibriSpeech_3853,1,39.32561245388836,maximum_decision_score
3,1464,3853-163249-0013,3853/163249,LibriSpeech_3853,LibriSpeech_3853,1,39.32549696847777,maximum_decision_score
3,1471,3853-163249-0020,3853/163249,LibriSpeech_3853,LibriSpeech_3853,1,39.32642076056872,maximum_decision_score
3,1475,3853-163249-0024,3853/163249,LibriSpeech_3853,LibriSpeech_3853,1,39.325273772620505,maximum_decision_score
3,1479,3853-163249-0028,3853/163249,LibriSpeech_3853,LibriSpeech_3853,1,39.324808284682256,maximum_decision_score
3,1488,3853-163249-0037,3853/163249,LibriSpeech_3853,LibriSpeech_3853,1,39.32566844075103,maximum_decision_score
3,1489,3853-163249-0038,3853/163249,LibriSpeech_3853,LibriSpeech_3853,1,39.32546550443188,maximum_decision_score
3,1492,3853-163249-0041,3853/163249,LibriSpeech_3853,LibriSpeech_3853,1,39.325624170932876,maximum_decision_score
3,1495,3853-163249-0044,3853/163249,LibriSpeech_3853,LibriSpeech_3853,1,39.32458424845028,maximum_decision_score
3,1503,3853-163249-0052,3853/163249,LibriSpeech_3853,LibriSpeech_3853,1,39.32512115622952,maximum_decision_score
3,1504,3853-163249-0053,3853/163249,LibriSpeech_3853,LibriSpeech_3853,1,39.32585729582778,maximum_decision_score
3,1511,422-122949-0003,422/122949,LibriSpeech_422,LibriSpeech_422,1,39.32559924963531,maximum_decision_score
3,1513,422-122949-0005,422/122949,LibriSpeech_422,LibriSpeech_422,1,39.32513628443991,maximum_decision_score
3,1514,422-122949-0006,422/122949,LibriSpeech_422,LibriSpeech_422,1,39.32599644205434,maximum_decision_score
3,1516,422-122949-0008,422/122949,LibriSpeech_422,LibriSpeech_422,1,39.32499131827712,maximum_decision_score
3,1518,422-122949-0010,422/122949,LibriSpeech_422,LibriSpeech_422,1,39.32591230679384,maximum_decision_score
3,1533,422-122949-0025,422/122949,LibriSpeech_422,LibriSpeech_422,1,39.32581763126187,maximum_decision_score
3,1535,422-122949-0027,422/122949,LibriSpeech_422,LibriSpeech_422,1,39.32623432577331,maximum_decision_score
3,1544,5338-24615-0000,5338/24615,LibriSpeech_5338,LibriSpeech_5338,1,39.326023465519,maximum_decision_score
3,1550,5338-24615-0006,5338/24615,LibriSpeech_5338,LibriSpeech_5338,1,39.32552354929767,maximum_decision_score
3,1558,5338-24615-0014,5338/24615,LibriSpeech_5338,LibriSpeech_5338,1,39.32585105157492,maximum_decision_score
3,1566,5338-24640-0007,5338/24640,LibriSpeech_5338,LibriSpeech_5338,1,39.32533280200339,maximum_decision_score
3,1569,5338-284437-0000,5338/284437,LibriSpeech_5338,LibriSpeech_5338,1,39.325519200793885,maximum_decision_score
3,1577,5338-284437-0008,5338/284437,LibriSpeech_5338,LibriSpeech_5338,1,39.32546654729469,maximum_decision_score
3,1579,5338-284437-0010,5338/284437,LibriSpeech_5338,LibriSpeech_5338,1,39.32641394635007,maximum_decision_score
3,1580,5338-284437-0011,5338/284437,LibriSpeech_5338,LibriSpeech_5338,1,39.32618836041697,maximum_decision_score
3,1587,5338-284437-0018,5338/284437,LibriSpeech_5338,LibriSpeech_5338,1,39.325230156911246,maximum_decision_score
3,1589,5338-284437-0020,5338/284437,LibriSpeech_5338,LibriSpeech_5338,1,39.326126557059574,maximum_decision_score
3,1591,5338-284437-0022,5338/284437,LibriSpeech_5338,LibriSpeech_5338,1,39.32516760750293,maximum_decision_score
3,1600,5338-284437-0031,5338/284437,LibriSpeech_5338,LibriSpeech_5338,1,39.325493871559736,maximum_decision_score
3,1604,5536-43358-0001,5536/43358,LibriSpeech_5536,LibriSpeech_5536,1,39.326287050160595,maximum_decision_score
3,1608,5536-43358-0005,5536/43358,LibriSpeech_5536,LibriSpeech_5536,1,39.32598075743833,maximum_decision_score
3,1611,5536-43358-0008,5536/43358,LibriSpeech_5536,LibriSpeech_5536,1,39.32632299741121,maximum_decision_score
3,1615,5536-43358-0012,5536/43358,LibriSpeech_5536,LibriSpeech_5536,1,39.32572004701424,maximum_decision_score
3,1618,5536-43358-0015,5536/43358,LibriSpeech_5536,LibriSpeech_5536,1,39.3259361923278,maximum_decision_score
3,1620,5536-43358-0017,5536/43358,LibriSpeech_5536,LibriSpeech_5536,1,39.32614613474123,maximum_decision_score
3,1634,5536-43359-0011,5536/43359,LibriSpeech_5536,LibriSpeech_5536,1,39.32544279726009,maximum_decision_score
3,1637,5536-43359-0014,5536/43359,LibriSpeech_5536,LibriSpeech_5536,1,39.325307120753614,maximum_decision_score
3,1639,5536-43359-0016,5536/43359,LibriSpeech_5536,LibriSpeech_5536,1,39.32525911358771,maximum_decision_score
3,1642,5536-43363-0000,5536/43363,LibriSpeech_5536,LibriSpeech_5536,1,39.32501325810304,maximum_decision_score
3,1651,5536-43363-0009,5536/43363,LibriSpeech_5536,LibriSpeech_5536,1,39.32555133264617,maximum_decision_score
3,1655,5536-43363-0013,5536/43363,LibriSpeech_5536,LibriSpeech_5536,1,39.326260657441395,maximum_decision_score
3,1665,5694-64025-0003,5694/64025,LibriSpeech_5694,LibriSpeech_5694,1,39.326005955097145,maximum_decision_score
3,1669,5694-64025-0007,5694/64025,LibriSpeech_5694,LibriSpeech_5694,1,39.323442565863324,maximum_decision_score
3,1670,5694-64025-0008,5694/64025,LibriSpeech_5694,LibriSpeech_5694,1,39.3274277733286,maximum_decision_score
3,1676,5694-64025-0014,5694/64025,LibriSpeech_5694,LibriSpeech_5694,1,39.32613285455993,maximum_decision_score
3,1688,5694-64029-0002,5694/64029,LibriSpeech_5694,LibriSpeech_5694,1,39.32509279581931,maximum_decision_score
3,1695,5694-64029-0009,5694/64029,LibriSpeech_5694,LibriSpeech_5694,1,39.325030314006156,maximum_decision_score
3,1699,5694-64029-0013,5694/64029,LibriSpeech_5694,LibriSpeech_5694,1,39.3261405950985,maximum_decision_score
3,1700,5694-64029-0014,5694/64029,LibriSpeech_5694,LibriSpeech_5694,1,39.32698379536261,maximum_decision_score
3,1701,5694-64029-0015,5694/64029,LibriSpeech_5694,LibriSpeech_5694,1,39.325962617052674,maximum_decision_score
3,1711,5694-64029-0025,5694/64029,LibriSpeech_5694,LibriSpeech_5694,1,39.32535799799236,maximum_decision_score
3,1726,5694-64038-0007,5694/64038,LibriSpeech_5694,LibriSpeech_5694,1,39.326083124258716,maximum_decision_score
3,1727,5694-64038-0008,5694/64038,LibriSpeech_5694,LibriSpeech_5694,1,39.325931089086765,maximum_decision_score
3,1729,5694-64038-0010,5694/64038,LibriSpeech_5694,LibriSpeech_5694,1,39.32671670229199,maximum_decision_score
3,1730,5694-64038-0011,5694/64038,LibriSpeech_5694,LibriSpeech_5694,1,39.32651300848081,maximum_decision_score
3,1731,5694-64038-0012,5694/64038,LibriSpeech_5694,LibriSpeech_5694,1,39.32588911769111,maximum_decision_score
3,1735,5694-64038-0016,5694/64038,LibriSpeech_5694,LibriSpeech_5694,1,39.32531200482814,maximum_decision_score
3,1740,5694-64038-0021,5694/64038,LibriSpeech_5694,LibriSpeech_5694,1,39.32580530688775,maximum_decision_score
3,1747,5895-34615-0002,5895/34615,LibriSpeech_5895,LibriSpeech_5895,1,39.32613702993285,maximum_decision_score
3,1755,5895-34615-0010,5895/34615,LibriSpeech_5895,LibriSpeech_5895,1,39.32611163027482,maximum_decision_score
3,1758,5895-34615-0013,5895/34615,LibriSpeech_5895,LibriSpeech_5895,1,39.324818594545434,maximum_decision_score
3,1775,5895-34622-0008,5895/34622,LibriSpeech_5895,LibriSpeech_5895,1,39.32566545344459,maximum_decision_score
3,1781,5895-34622-0014,5895/34622,LibriSpeech_5895,LibriSpeech_5895,1,39.3257082393502,maximum_decision_score
3,1786,5895-34622-0019,5895/34622,LibriSpeech_5895,LibriSpeech_5895,1,39.32538439647446,maximum_decision_score
3,1788,5895-34622-0021,5895/34622,LibriSpeech_5895,LibriSpeech_5895,1,39.323786386141606,maximum_decision_score
3,1791,5895-34629-0000,5895/34629,LibriSpeech_5895,LibriSpeech_5895,1,39.32546690092353,maximum_decision_score
3,1795,5895-34629-0004,5895/34629,LibriSpeech_5895,LibriSpeech_5895,1,39.325200271771706,maximum_decision_score
3,1800,5895-34629-0009,5895/34629,LibriSpeech_5895,LibriSpeech_5895,1,39.3261638289537,maximum_decision_score
3,1801,5895-34629-0010,5895/34629,LibriSpeech_5895,LibriSpeech_5895,1,39.3259605124449,maximum_decision_score
3,1806,5895-34629-0015,5895/34629,LibriSpeech_5895,LibriSpeech_5895,1,39.32541303155013,maximum_decision_score
3,1816,5895-34629-0025,5895/34629,LibriSpeech_5895,LibriSpeech_5895,1,39.32420116249275,maximum_decision_score
3,1819,5895-34629-0028,5895/34629,LibriSpeech_5895,LibriSpeech_5895,1,39.324552563137935,maximum_decision_score
3,1821,5895-34629-0030,5895/34629,LibriSpeech_5895,LibriSpeech_5895,1,39.32559298099626,maximum_decision_score
3,1823,5895-34629-0032,5895/34629,LibriSpeech_5895,LibriSpeech_5895,1,39.3253927330478,maximum_decision_score
3,1826,6241-61943-0001,6241/61943,LibriSpeech_6241,LibriSpeech_6241,1,39.32635145916676,maximum_decision_score
3,1827,6241-61943-0002,6241/61943,LibriSpeech_6241,LibriSpeech_6241,1,39.32455472129528,maximum_decision_score
3,1834,6241-61943-0009,6241/61943,LibriSpeech_6241,LibriSpeech_6241,1,39.32651278640374,maximum_decision_score
3,1839,6241-61943-0014,6241/61943,LibriSpeech_6241,LibriSpeech_6241,1,39.326469091577444,maximum_decision_score
3,1852,6241-61943-0027,6241/61943,LibriSpeech_6241,LibriSpeech_6241,1,39.32596102656961,maximum_decision_score
3,1855,6241-61946-0002,6241/61946,LibriSpeech_6241,LibriSpeech_6241,1,39.32599960225121,maximum_decision_score
3,1859,6241-61946-0006,6241/61946,LibriSpeech_6241,LibriSpeech_6241,1,39.325718690143134,maximum_decision_score
3,1863,6241-61946-0010,6241/61946,LibriSpeech_6241,LibriSpeech_6241,1,39.32528549410277,maximum_decision_score
3,1884,6241-66616-0007,6241/66616,LibriSpeech_6241,LibriSpeech_6241,1,39.32497203843368,maximum_decision_score
3,1885,6241-66616-0008,6241/66616,LibriSpeech_6241,LibriSpeech_6241,1,39.325704570161236,maximum_decision_score
3,1888,6241-66616-0011,6241/66616,LibriSpeech_6241,LibriSpeech_6241,1,39.32639709343664,maximum_decision_score
3,1898,6241-66616-0021,6241/66616,LibriSpeech_6241,LibriSpeech_6241,1,39.32523208073864,maximum_decision_score
3,1899,6241-66616-0022,6241/66616,LibriSpeech_6241,LibriSpeech_6241,1,39.325940361554075,maximum_decision_score
3,1901,6241-66616-0024,6241/66616,LibriSpeech_6241,LibriSpeech_6241,1,39.32536189817517,maximum_decision_score
3,1902,6241-66616-0025,6241/66616,LibriSpeech_6241,LibriSpeech_6241,1,39.326246947044844,maximum_decision_score
3,1908,6295-244435-0005,6295/244435,LibriSpeech_6295,LibriSpeech_6295,1,39.325701782843915,maximum_decision_score
3,1913,6295-244435-0010,6295/244435,LibriSpeech_6295,LibriSpeech_6295,1,39.32546272053424,maximum_decision_score
3,1915,6295-244435-0012,6295/244435,LibriSpeech_6295,LibriSpeech_6295,1,39.325592157660374,maximum_decision_score
3,1923,6295-244435-0020,6295/244435,LibriSpeech_6295,LibriSpeech_6295,1,39.32624871994037,maximum_decision_score
3,1929,6295-244435-0026,6295/244435,LibriSpeech_6295,LibriSpeech_6295,1,39.32569917587848,maximum_decision_score
3,1938,6295-244435-0035,6295/244435,LibriSpeech_6295,LibriSpeech_6295,1,39.324237317039994,maximum_decision_score
3,1946,6295-64301-0002,6295/64301,LibriSpeech_6295,LibriSpeech_6295,1,39.325397400566914,maximum_decision_score
3,1948,6295-64301-0004,6295/64301,LibriSpeech_6295,LibriSpeech_6295,1,39.326128053724084,maximum_decision_score
3,1958,6295-64301-0014,6295/64301,LibriSpeech_6295,LibriSpeech_6295,1,39.32199429580155,maximum_decision_score
3,1965,6295-64301-0021,6295/64301,LibriSpeech_6295,LibriSpeech_6295,1,39.32515173678504,maximum_decision_score
3,1968,6295-64301-0024,6295/64301,LibriSpeech_6295,LibriSpeech_6295,1,39.32543516972182,maximum_decision_score
3,1971,6295-64301-0027,6295/64301,LibriSpeech_6295,LibriSpeech_6295,1,39.325285028624684,maximum_decision_score
3,1974,6295-64301-0030,6295/64301,LibriSpeech_6295,LibriSpeech_6295,1,39.32541634921289,maximum_decision_score
3,1975,6295-64301-0031,6295/64301,LibriSpeech_6295,LibriSpeech_6295,1,39.32593262574533,maximum_decision_score
3,1976,6295-64301-0032,6295/64301,LibriSpeech_6295,LibriSpeech_6295,1,39.32502531802173,maximum_decision_score
3,1990,6313-66125-0013,6313/66125,LibriSpeech_6313,LibriSpeech_6313,1,39.324658824672106,maximum_decision_score
3,2003,6313-66125-0026,6313/66125,LibriSpeech_6313,LibriSpeech_6313,1,39.32673023403009,maximum_decision_score
3,2004,6313-66125-0027,6313/66125,LibriSpeech_6313,LibriSpeech_6313,1,39.325780780980296,maximum_decision_score
3,2005,6313-66129-0000,6313/66129,LibriSpeech_6313,LibriSpeech_6313,1,39.32602137978162,maximum_decision_score
3,2009,6313-66129-0004,6313/66129,LibriSpeech_6313,LibriSpeech_6313,1,39.326260236362884,maximum_decision_score
3,2020,6313-66129-0015,6313/66129,LibriSpeech_6313,LibriSpeech_6313,1,39.325798135054576,maximum_decision_score
3,2021,6313-66129-0016,6313/66129,LibriSpeech_6313,LibriSpeech_6313,1,39.32614925406537,maximum_decision_score
3,2022,6313-66129-0017,6313/66129,LibriSpeech_6313,LibriSpeech_6313,1,39.32581674669777,maximum_decision_score
3,2028,6313-66129-0023,6313/66129,LibriSpeech_6313,LibriSpeech_6313,1,39.325305914636914,maximum_decision_score
3,2029,6313-66129-0024,6313/66129,LibriSpeech_6313,LibriSpeech_6313,1,39.325554704819574,maximum_decision_score
3,2040,6313-66129-0035,6313/66129,LibriSpeech_6313,LibriSpeech_6313,1,39.32578969766751,maximum_decision_score
3,2043,6313-76958-0002,6313/76958,LibriSpeech_6313,LibriSpeech_6313,1,39.32567106120706,maximum_decision_score
3,2044,6313-76958-0003,6313/76958,LibriSpeech_6313,LibriSpeech_6313,1,39.325104799944654,maximum_decision_score
3,2049,6313-76958-0008,6313/76958,LibriSpeech_6313,LibriSpeech_6313,1,39.326429553897476,maximum_decision_score
3,2057,6313-76958-0016,6313/76958,LibriSpeech_6313,LibriSpeech_6313,1,39.325801095916454,maximum_decision_score
3,2058,6313-76958-0017,6313/76958,LibriSpeech_6313,LibriSpeech_6313,1,39.325275211318406,maximum_decision_score
3,2062,6313-76958-0021,6313/76958,LibriSpeech_6313,LibriSpeech_6313,1,39.32646337972964,maximum_decision_score
3,2064,6313-76958-0023,6313/76958,LibriSpeech_6313,LibriSpeech_6313,1,39.32220092258347,maximum_decision_score
3,2071,6313-76958-0030,6313/76958,LibriSpeech_6313,LibriSpeech_6313,1,39.32448778420243,maximum_decision_score
3,2083,6319-275224-0010,6319/275224,LibriSpeech_6319,LibriSpeech_6319,1,39.325536138676775,maximum_decision_score
3,2085,6319-275224-0012,6319/275224,LibriSpeech_6319,LibriSpeech_6319,1,39.32661445479153,maximum_decision_score
3,2087,6319-275224-0014,6319/275224,LibriSpeech_6319,LibriSpeech_6319,1,39.32518306903575,maximum_decision_score
3,2089,6319-275224-0016,6319/275224,LibriSpeech_6319,LibriSpeech_6319,1,39.32619915193242,maximum_decision_score
3,2093,6319-275224-0020,6319/275224,LibriSpeech_6319,LibriSpeech_6319,1,39.32533035022637,maximum_decision_score
3,2095,6319-57405-0001,6319/57405,LibriSpeech_6319,LibriSpeech_6319,1,39.32619094872114,maximum_decision_score
3,2096,6319-57405-0002,6319/57405,LibriSpeech_6319,LibriSpeech_6319,1,39.32504745603891,maximum_decision_score
3,2112,6319-64726-0005,6319/64726,LibriSpeech_6319,LibriSpeech_6319,1,39.32627513430495,maximum_decision_score
3,2116,6319-64726-0009,6319/64726,LibriSpeech_6319,LibriSpeech_6319,1,39.32569521504235,maximum_decision_score
3,2123,6319-64726-0016,6319/64726,LibriSpeech_6319,LibriSpeech_6319,1,39.325874761070615,maximum_decision_score
3,2124,6319-64726-0017,6319/64726,LibriSpeech_6319,LibriSpeech_6319,1,39.326180425916306,maximum_decision_score
3,2133,6345-64257-0005,6345/64257,LibriSpeech_6345,LibriSpeech_6345,1,39.325730116918216,maximum_decision_score
3,2152,6345-93302-0003,6345/93302,LibriSpeech_6345,LibriSpeech_6345,1,39.32641533641149,maximum_decision_score
3,2153,6345-93302-0004,6345/93302,LibriSpeech_6345,LibriSpeech_6345,1,39.325879724318185,maximum_decision_score
3,2156,6345-93302-0007,6345/93302,LibriSpeech_6345,LibriSpeech_6345,1,39.32592730609235,maximum_decision_score
3,2162,6345-93302-0013,6345/93302,LibriSpeech_6345,LibriSpeech_6345,1,39.325084890958436,maximum_decision_score
3,2163,6345-93302-0014,6345/93302,LibriSpeech_6345,LibriSpeech_6345,1,39.32628968726249,maximum_decision_score
3,2164,6345-93302-0015,6345/93302,LibriSpeech_6345,LibriSpeech_6345,1,39.324000984817665,maximum_decision_score
3,2174,6345-93302-0025,6345/93302,LibriSpeech_6345,LibriSpeech_6345,1,39.31685886369089,maximum_decision_score
3,2176,6345-93302-0027,6345/93302,LibriSpeech_6345,LibriSpeech_6345,1,39.32495795402447,maximum_decision_score
3,2186,6345-93306-0007,6345/93306,LibriSpeech_6345,LibriSpeech_6345,1,39.325511306791846,maximum_decision_score
3,2189,6345-93306-0010,6345/93306,LibriSpeech_6345,LibriSpeech_6345,1,39.326588058091616,maximum_decision_score
3,2191,6345-93306-0012,6345/93306,LibriSpeech_6345,LibriSpeech_6345,1,39.32675337942868,maximum_decision_score
3,2194,6345-93306-0015,6345/93306,LibriSpeech_6345,LibriSpeech_6345,1,39.32672100668405,maximum_decision_score
3,2200,6345-93306-0021,6345/93306,LibriSpeech_6345,LibriSpeech_6345,1,39.32547098515405,maximum_decision_score
3,2201,6345-93306-0022,6345/93306,LibriSpeech_6345,LibriSpeech_6345,1,39.32691923428808,maximum_decision_score
3,2204,6345-93306-0025,6345/93306,LibriSpeech_6345,LibriSpeech_6345,1,39.32670735363655,maximum_decision_score
3,2207,652-129742-0002,652/129742,LibriSpeech_652,LibriSpeech_652,1,39.32527498861557,maximum_decision_score
3,2212,652-129742-0007,652/129742,LibriSpeech_652,LibriSpeech_652,1,39.32595211932913,maximum_decision_score
3,2213,652-129742-0008,652/129742,LibriSpeech_652,LibriSpeech_652,1,39.32607232296463,maximum_decision_score
3,2221,652-129742-0016,652/129742,LibriSpeech_652,LibriSpeech_652,1,39.32618421749436,maximum_decision_score
3,2226,652-130726-0000,652/130726,LibriSpeech_652,LibriSpeech_652,1,39.326233905242525,maximum_decision_score
3,2237,652-130726-0011,652/130726,LibriSpeech_652,LibriSpeech_652,1,39.32556826353221,maximum_decision_score
3,2242,652-130726-0016,652/130726,LibriSpeech_652,LibriSpeech_652,1,39.32569380414789,maximum_decision_score
3,2248,652-130726-0022,652/130726,LibriSpeech_652,LibriSpeech_652,1,39.325559614783614,maximum_decision_score
3,2249,652-130726-0023,652/130726,LibriSpeech_652,LibriSpeech_652,1,39.32599272868756,maximum_decision_score
3,2250,652-130726-0024,652/130726,LibriSpeech_652,LibriSpeech_652,1,39.32591153145928,maximum_decision_score
3,2257,652-130726-0031,652/130726,LibriSpeech_652,LibriSpeech_652,1,39.32570691558982,maximum_decision_score
3,2259,652-130726-0033,652/130726,LibriSpeech_652,LibriSpeech_652,1,39.325954039359566,maximum_decision_score
3,2272,652-130737-0010,652/130737,LibriSpeech_652,LibriSpeech_652,1,39.325429505215716,maximum_decision_score
3,2273,652-130737-0011,652/130737,LibriSpeech_652,LibriSpeech_652,1,39.32521100278255,maximum_decision_score
3,2286,777-126732-0010,777/126732,LibriSpeech_777,LibriSpeech_777,1,39.323649446067016,maximum_decision_score
3,2291,777-126732-0015,777/126732,LibriSpeech_777,LibriSpeech_777,1,39.325974302123136,maximum_decision_score
3,2296,777-126732-0020,777/126732,LibriSpeech_777,LibriSpeech_777,1,39.32466073530612,maximum_decision_score
3,2302,777-126732-0026,777/126732,LibriSpeech_777,LibriSpeech_777,1,39.32573054904547,maximum_decision_score
3,2308,777-126732-0032,777/126732,LibriSpeech_777,LibriSpeech_777,1,39.32615555288705,maximum_decision_score
3,2313,777-126732-0037,777/126732,LibriSpeech_777,LibriSpeech_777,1,39.32600268581719,maximum_decision_score
3,2316,777-126732-0040,777/126732,LibriSpeech_777,LibriSpeech_777,1,39.32560581601004,maximum_decision_score
3,2319,777-126732-0043,777/126732,LibriSpeech_777,LibriSpeech_777,1,39.326012795795044,maximum_decision_score
3,2324,777-126732-0048,777/126732,LibriSpeech_777,LibriSpeech_777,1,39.326103669935726,maximum_decision_score
3,2331,777-126732-0055,777/126732,LibriSpeech_777,LibriSpeech_777,1,39.32628918505421,maximum_decision_score
3,2335,777-126732-0059,777/126732,LibriSpeech_777,LibriSpeech_777,1,39.32596705639388,maximum_decision_score
3,2337,777-126732-0061,777/126732,LibriSpeech_777,LibriSpeech_777,1,39.325460064896426,maximum_decision_score
3,2339,777-126732-0063,777/126732,LibriSpeech_777,LibriSpeech_777,1,39.32570368083172,maximum_decision_score
3,2343,777-126732-0067,777/126732,LibriSpeech_777,LibriSpeech_777,1,39.325730516976016,maximum_decision_score
3,2347,777-126732-0071,777/126732,LibriSpeech_777,LibriSpeech_777,1,39.325921282561396,maximum_decision_score
3,2357,777-126732-0081,777/126732,LibriSpeech_777,LibriSpeech_777,1,39.3230569119211,maximum_decision_score
3,2364,7850-111771-0006,7850/111771,LibriSpeech_7850,LibriSpeech_7850,1,39.326010785430135,maximum_decision_score
3,2368,7850-281318-0000,7850/281318,LibriSpeech_7850,LibriSpeech_7850,1,39.32537752546709,maximum_decision_score
3,2371,7850-281318-0003,7850/281318,LibriSpeech_7850,LibriSpeech_7850,1,39.32409782212002,maximum_decision_score
3,2379,7850-281318-0011,7850/281318,LibriSpeech_7850,LibriSpeech_7850,1,39.326406302970376,maximum_decision_score
3,2380,7850-281318-0012,7850/281318,LibriSpeech_7850,LibriSpeech_7850,1,39.324607132124754,maximum_decision_score
3,2384,7850-281318-0016,7850/281318,LibriSpeech_7850,LibriSpeech_7850,1,39.32711252757106,maximum_decision_score
3,2394,7850-286674-0002,7850/286674,LibriSpeech_7850,LibriSpeech_7850,1,39.326958113467704,maximum_decision_score
3,2400,7850-286674-0008,7850/286674,LibriSpeech_7850,LibriSpeech_7850,1,39.32548952302742,maximum_decision_score
3,2401,7850-286674-0009,7850/286674,LibriSpeech_7850,LibriSpeech_7850,1,39.32568016195466,maximum_decision_score
3,2410,7850-73752-0000,7850/73752,LibriSpeech_7850,LibriSpeech_7850,1,39.32552280082863,maximum_decision_score
3,2411,7850-73752-0001,7850/73752,LibriSpeech_7850,LibriSpeech_7850,1,39.326540324332235,maximum_decision_score
3,2423,7850-73752-0013,7850/73752,LibriSpeech_7850,LibriSpeech_7850,1,39.3261127196355,maximum_decision_score
3,2424,7850-73752-0014,7850/73752,LibriSpeech_7850,LibriSpeech_7850,1,39.3243131675147,maximum_decision_score
3,2427,7850-73752-0017,7850/73752,LibriSpeech_7850,LibriSpeech_7850,1,39.32540022361876,maximum_decision_score
3,2436,7976-105575-0006,7976/105575,LibriSpeech_7976,LibriSpeech_7976,1,39.325611321106656,maximum_decision_score
3,2445,7976-105575-0015,7976/105575,LibriSpeech_7976,LibriSpeech_7976,1,39.32559047170213,maximum_decision_score
3,2457,7976-105575-0027,7976/105575,LibriSpeech_7976,LibriSpeech_7976,1,39.32499530770785,maximum_decision_score
3,2464,7976-110124-0004,7976/110124,LibriSpeech_7976,LibriSpeech_7976,1,39.325531258017115,maximum_decision_score
3,2476,7976-110124-0016,7976/110124,LibriSpeech_7976,LibriSpeech_7976,1,39.3258578302169,maximum_decision_score
3,2478,7976-110124-0018,7976/110124,LibriSpeech_7976,LibriSpeech_7976,1,39.32610182478746,maximum_decision_score
3,2479,7976-110124-0019,7976/110124,LibriSpeech_7976,LibriSpeech_7976,1,39.323107341495465,maximum_decision_score
3,2480,7976-110124-0020,7976/110124,LibriSpeech_7976,LibriSpeech_7976,1,39.32593949151073,maximum_decision_score
3,2481,7976-110124-0021,7976/110124,LibriSpeech_7976,LibriSpeech_7976,1,39.3273991922916,maximum_decision_score
3,2482,7976-110124-0022,7976/110124,LibriSpeech_7976,LibriSpeech_7976,1,39.32503387319911,maximum_decision_score
3,2483,7976-110124-0023,7976/110124,LibriSpeech_7976,LibriSpeech_7976,1,39.32543808701944,maximum_decision_score
3,2485,7976-110124-0025,7976/110124,LibriSpeech_7976,LibriSpeech_7976,1,39.326263802133425,maximum_decision_score
3,2496,7976-110523-0010,7976/110523,LibriSpeech_7976,LibriSpeech_7976,1,39.32517579174033,maximum_decision_score
3,2497,7976-110523-0011,7976/110523,LibriSpeech_7976,LibriSpeech_7976,1,39.32583116707571,maximum_decision_score
3,2499,7976-110523-0013,7976/110523,LibriSpeech_7976,LibriSpeech_7976,1,39.3250620823543,maximum_decision_score
3,2504,7976-110523-0018,7976/110523,LibriSpeech_7976,LibriSpeech_7976,1,39.326067760453455,maximum_decision_score
3,2515,8297-275154-0007,8297/275154,LibriSpeech_8297,LibriSpeech_8297,1,39.32554600236194,maximum_decision_score
3,2516,8297-275154-0008,8297/275154,LibriSpeech_8297,LibriSpeech_8297,1,39.326864174980486,maximum_decision_score
3,2519,8297-275154-0011,8297/275154,LibriSpeech_8297,LibriSpeech_8297,1,39.325695186755006,maximum_decision_score
3,2520,8297-275154-0012,8297/275154,LibriSpeech_8297,LibriSpeech_8297,1,39.32669247862659,maximum_decision_score
3,2526,8297-275154-0018,8297/275154,LibriSpeech_8297,LibriSpeech_8297,1,39.325863532296644,maximum_decision_score
3,2530,8297-275154-0022,8297/275154,LibriSpeech_8297,LibriSpeech_8297,1,39.32205488290095,maximum_decision_score
3,2531,8297-275154-0023,8297/275154,LibriSpeech_8297,LibriSpeech_8297,1,39.326713926578634,maximum_decision_score
3,2538,8297-275155-0002,8297/275155,LibriSpeech_8297,LibriSpeech_8297,1,39.32545884287168,maximum_decision_score
3,2539,8297-275155-0003,8297/275155,LibriSpeech_8297,LibriSpeech_8297,1,39.326693818537485,maximum_decision_score
3,2542,8297-275155-0006,8297/275155,LibriSpeech_8297,LibriSpeech_8297,1,39.32654467165015,maximum_decision_score
3,2567,8297-275155-0031,8297/275155,LibriSpeech_8297,LibriSpeech_8297,1,39.32658727334942,maximum_decision_score
3,2569,8297-275156-0000,8297/275156,LibriSpeech_8297,LibriSpeech_8297,1,39.325623512467615,maximum_decision_score
3,2570,8297-275156-0001,8297/275156,LibriSpeech_8297,LibriSpeech_8297,1,39.32636508793177,maximum_decision_score
3,2571,8297-275156-0002,8297/275156,LibriSpeech_8297,LibriSpeech_8297,1,39.325887058545625,maximum_decision_score
3,2581,8297-275156-0012,8297/275156,LibriSpeech_8297,LibriSpeech_8297,1,39.32545911230689,maximum_decision_score
3,2583,84-121123-0000,84/121123,LibriSpeech_84,LibriSpeech_84,1,39.31806367816428,maximum_decision_score
3,2592,84-121123-0009,84/121123,LibriSpeech_84,LibriSpeech_84,1,39.32556605879351,maximum_decision_score
3,2595,84-121123-0012,84/121123,LibriSpeech_84,LibriSpeech_84,1,39.3246632817095,maximum_decision_score
3,2601,84-121123-0018,84/121123,LibriSpeech_84,LibriSpeech_84,1,39.323826341044054,maximum_decision_score
3,2605,84-121123-0022,84/121123,LibriSpeech_84,LibriSpeech_84,1,39.32494717007126,maximum_decision_score
3,2607,84-121123-0024,84/121123,LibriSpeech_84,LibriSpeech_84,1,39.32562946639612,maximum_decision_score
3,2610,84-121123-0027,84/121123,LibriSpeech_84,LibriSpeech_84,1,39.324985207134155,maximum_decision_score
3,2613,84-121550-0001,84/121550,LibriSpeech_84,LibriSpeech_84,1,39.32602694770931,maximum_decision_score
3,2618,84-121550-0006,84/121550,LibriSpeech_84,LibriSpeech_84,1,39.32546822697739,maximum_decision_score
3,2619,84-121550-0007,84/121550,LibriSpeech_84,LibriSpeech_84,1,39.32575602473758,maximum_decision_score
3,2621,84-121550-0009,84/121550,LibriSpeech_84,LibriSpeech_84,1,39.32531617130695,maximum_decision_score
3,2641,84-121550-0029,84/121550,LibriSpeech_84,LibriSpeech_84,1,39.32583045408907,maximum_decision_score
3,2644,84-121550-0032,84/121550,LibriSpeech_84,LibriSpeech_84,1,39.325492183393145,maximum_decision_score
3,2648,8842-302196-0000,8842/302196,LibriSpeech_8842,LibriSpeech_8842,1,39.32557285778817,maximum_decision_score
3,2652,8842-302196-0004,8842/302196,LibriSpeech_8842,LibriSpeech_8842,1,39.325898518458516,maximum_decision_score
3,2664,8842-302201-0003,8842/302201,LibriSpeech_8842,LibriSpeech_8842,1,39.32601753518084,maximum_decision_score
3,2666,8842-302201-0005,8842/302201,LibriSpeech_8842,LibriSpeech_8842,1,39.32587372184649,maximum_decision_score
3,2668,8842-302201-0007,8842/302201,LibriSpeech_8842,LibriSpeech_8842,1,39.32559590779,maximum_decision_score
3,2671,8842-302201-0010,8842/302201,LibriSpeech_8842,LibriSpeech_8842,1,39.3259514942266,maximum_decision_score
3,2682,8842-302203-0005,8842/302203,LibriSpeech_8842,LibriSpeech_8842,1,39.326096380075526,maximum_decision_score
3,2690,8842-304647-0001,8842/304647,LibriSpeech_8842,LibriSpeech_8842,1,39.32354320079203,maximum_decision_score
3,2692,8842-304647-0003,8842/304647,LibriSpeech_8842,LibriSpeech_8842,1,39.32557078700402,maximum_decision_score
3,2694,8842-304647-0005,8842/304647,LibriSpeech_8842,LibriSpeech_8842,1,39.32447792813706,maximum_decision_score
3,2696,8842-304647-0007,8842/304647,LibriSpeech_8842,LibriSpeech_8842,1,39.324210749735585,maximum_decision_score
